3148
3153
3158
3163
3168
3173
3178
3183
3188
3193
3198
3203
3208
3213
3218
3223
3228
3233
3238
3243
3248
3253
3258
3263
3268
3273
3278
3283
3288
3293
3298
3303
3308
3313
3318
3323
3328
3333
3338
3343
3348
3353
3358
3363
3368
3373
3378
3383
3388
3393
3398
3403
3408
3413
3418
3423
3428
3433
3438
3441
3444
3447
3452
3457
3462
3467
3472
3477
3482
3487
3492
3497
3502
3507
3512
3517
3522
3527
3532
3537
3542
3547
3552
3557
3562
3567
3572
3577
3582
3587
3592
3597
3602
3607
3612
3617
3622
3627
3632
3637
3642
